teleportenabled: true
teleportauto: false
godmode: false
muted: false
jailed: false
ip-address: 5.132.108.110
afk: false
socialspy: false
npc: false
powertoolsenabled: true
accepting-pay: true
baltop-exempt: false
timestamps:
  lastteleport: 1689347303347
  lastheal: 0
  mute: 0
  jail: 0
  onlinejail: 0
  logout: 1689347308412
  login: 1689343293619
money: '0'
last-account-name: Weirdboy13
lastlocation:
  world: 99daf602-e152-4720-87ae-1013a4aa1c73
  world-name: world
  x: -13285.921328210441
  y: 118.0
  z: -10970.070462220698
  yaw: 144.03831481933594
  pitch: 13.326461791992188
logoutlocation:
  world: 99daf602-e152-4720-87ae-1013a4aa1c73
  world-name: world
  x: 0.3159452551094107
  y: 66.0
  z: -13.78095982254611
  yaw: -79.63409423828125
  pitch: 8.620936393737793
homes:
  oceantemple:
    world: 99daf602-e152-4720-87ae-1013a4aa1c73
    world-name: world
    x: 7839.3125
    y: 63.085764312744146
    z: 25.3125
    yaw: -24.03057861328125
    pitch: 2.555420160293579
  end:
    world: d830b14b-112d-4395-8680-d83a9309f16c
    world-name: world_the_end
    x: -11155.732056929914
    y: 61.0
    z: -643.3597003851032
    yaw: 120.97392272949219
    pitch: 22.85262680053711
  snowbase:
    world: 99daf602-e152-4720-87ae-1013a4aa1c73
    world-name: world
    x: 5874.163630671462
    y: 63.0
    z: -425.2021539156347
    yaw: -118.80758666992188
    pitch: 3.4262475967407227
  shrooms:
    world: 99daf602-e152-4720-87ae-1013a4aa1c73
    world-name: world
    x: -3837.4525194406287
    y: 69.0
    z: -3595.546199349216
    yaw: 102.22734832763672
    pitch: 6.6928019523620605
  far:
    world: 99daf602-e152-4720-87ae-1013a4aa1c73
    world-name: world
    x: -13285.921328210441
    y: 118.0
    z: -10970.070462220698
    yaw: 144.03831481933594
    pitch: 13.326461791992188
