teleportenabled: true
teleportauto: false
godmode: false
muted: false
jailed: false
ip-address: 5.132.108.110
afk: false
socialspy: false
npc: false
powertoolsenabled: true
accepting-pay: true
baltop-exempt: false
timestamps:
  lastteleport: 1689214604624
  lastheal: 0
  mute: 0
  jail: 0
  onlinejail: 0
  logout: 1689214748526
  login: 1689213997966
money: '0'
last-account-name: Weirdboy13
lastlocation:
  world: 99daf602-e152-4720-87ae-1013a4aa1c73
  world-name: world
  x: 7.9248498016221465
  y: 66.0
  z: 27.322342926865847
  yaw: -165.6900634765625
  pitch: 35.75035095214844
logoutlocation:
  world: 99daf602-e152-4720-87ae-1013a4aa1c73
  world-name: world
  x: 1.447440662686738
  y: 66.875
  z: -15.308267532618245
  yaw: -138.91526794433594
  pitch: 36.10689163208008
homes:
  oceantemple:
    world: 99daf602-e152-4720-87ae-1013a4aa1c73
    world-name: world
    x: 7839.3125
    y: 63.085764312744146
    z: 25.3125
    yaw: -24.03057861328125
    pitch: 2.555420160293579
  cavebase:
    world: 99daf602-e152-4720-87ae-1013a4aa1c73
    world-name: world
    x: 27.01878508224103
    y: -37.0
    z: -1458.392021134168
    yaw: 32.5047607421875
    pitch: 23.106277465820312
  end:
    world: d830b14b-112d-4395-8680-d83a9309f16c
    world-name: world_the_end
    x: -11155.732056929914
    y: 61.0
    z: -643.3597003851032
    yaw: 120.97392272949219
    pitch: 22.85262680053711
  farm:
    world: 99daf602-e152-4720-87ae-1013a4aa1c73
    world-name: world
    x: 17.34279112558452
    y: 94.0
    z: -26.906179377054134
    yaw: 130.56265258789062
    pitch: 16.376588821411133
  snowbase:
    world: 99daf602-e152-4720-87ae-1013a4aa1c73
    world-name: world
    x: 5874.163630671462
    y: 63.0
    z: -425.2021539156347
    yaw: -118.80758666992188
    pitch: 3.4262475967407227
