teleportenabled: true
teleportauto: false
godmode: false
muted: false
jailed: false
ip-address: 82.174.86.245
afk: false
socialspy: false
npc: false
powertoolsenabled: true
accepting-pay: true
baltop-exempt: false
timestamps:
  lastteleport: 1689168501504
  lastheal: 0
  mute: 0
  jail: 0
  onlinejail: 0
  logout: 1689325657077
  login: 1689325652716
money: '0'
last-account-name: DAMNNN_SON
lastlocation:
  world: 99daf602-e152-4720-87ae-1013a4aa1c73
  world-name: world
  x: 1786.2843358319412
  y: 69.0
  z: -683.620814188887
  yaw: 95.8599853515625
  pitch: 21.4494571685791
logoutlocation:
  world: 99daf602-e152-4720-87ae-1013a4aa1c73
  world-name: world
  x: -1211.8962807818907
  y: 87.0
  z: 3252.0253313121793
  yaw: -179.2427215576172
  pitch: -6.299989223480225
homes:
  spruce:
    world: 99daf602-e152-4720-87ae-1013a4aa1c73
    world-name: world
    x: -1344.5865191648584
    y: 75.0
    z: -1274.8897160279964
    yaw: 152.9854736328125
    pitch: 16.35149574279785
  base:
    world: 99daf602-e152-4720-87ae-1013a4aa1c73
    world-name: world
    x: -1216.4065230016313
    y: 88.0
    z: 3243.6227059517805
    yaw: -161.5099639892578
    pitch: 22.94928550720215
  village:
    world: 99daf602-e152-4720-87ae-1013a4aa1c73
    world-name: world
    x: 2556.9931337520648
    y: 72.0
    z: -1325.018762343298
    yaw: -41.72125244140625
    pitch: 14.69964599609375
