teleportenabled: true
teleportauto: false
godmode: false
muted: false
jailed: false
ip-address: 86.89.77.126
afk: false
socialspy: false
npc: false
powertoolsenabled: true
accepting-pay: true
baltop-exempt: false
timestamps:
  lastteleport: 1689168169600
  lastheal: 0
  mute: 0
  jail: 0
  onlinejail: 0
  logout: 1689169308176
  login: 1689165503816
money: '0'
last-account-name: tehmas
lastlocation:
  world: 99daf602-e152-4720-87ae-1013a4aa1c73
  world-name: world
  x: -1370.4103708775012
  y: 73.0
  z: -1258.8869646214466
  yaw: -161.86451721191406
  pitch: -1.9485236406326294
homes:
  home:
    world: 99daf602-e152-4720-87ae-1013a4aa1c73
    world-name: world
    x: -1213.7651624010477
    y: 88.0
    z: 3242.300000011921
    yaw: 167.43222045898438
    pitch: 13.155610084533691
  spruce:
    world: 99daf602-e152-4720-87ae-1013a4aa1c73
    world-name: world
    x: -1343.4137934546484
    y: 74.0
    z: -1271.4790649011702
    yaw: -133.06454467773438
    pitch: 6.751499652862549
  geode:
    world: 99daf602-e152-4720-87ae-1013a4aa1c73
    world-name: world
    x: -1340.364033069361
    y: 26.0
    z: 3538.286970390605
    yaw: -103.6943359375
    pitch: 18.60005760192871
logoutlocation:
  world: 99daf602-e152-4720-87ae-1013a4aa1c73
  world-name: world
  x: -1211.142414537545
  y: 89.0
  z: 3243.726591720078
  yaw: 68.8836669921875
  pitch: 59.09992980957031
