spawns:
  survival:
    world: 99daf602-e152-4720-87ae-1013a4aa1c73
    world-name: world
    x: -32.015016907985675
    y: 308.0
    z: -48.1676964241489
    yaw: -179.82394409179688
    pitch: 1.6500636339187622
  default:
    world: 99daf602-e152-4720-87ae-1013a4aa1c73
    world-name: world
    x: -32.015016907985675
    y: 308.0
    z: -48.1676964241489
    yaw: -179.82394409179688
    pitch: 1.6500636339187622
