world: 99daf602-e152-4720-87ae-1013a4aa1c73
world-name: world
x: -31.983779888491355
y: 308.0
z: -48.164989513254355
yaw: -179.82394409179688
pitch: 15.900115966796875
name: Spawn
lastowner: 470a314a-1d96-487e-993b-9770c116a66c
