world: 99daf602-e152-4720-87ae-1013a4aa1c73
world-name: world
x: 215.97599755585742
y: 93.0
z: -136.0565086121669
yaw: -173.0883026123047
pitch: -90.0
name: Survival
lastowner: 470a314a-1d96-487e-993b-9770c116a66c
